jeu de donnees perfusion
num   delai debit systeme
1   1970   2.5      S1
2   2775   2.5      S2
3   3460   2.5      S3
4   1965   2.5      S4
5   1990   2.5      S1
6   2790   2.5      S2
7   3440   2.5      S3
8   1985   2.5      S4
9   1995   2.5      S1
10  2785   2.5      S2
11  3455   2.5      S3
12  1990   2.5      S4
13   995   5.0      S1
14  1350   5.0      S2
15  1685   5.0      S3
16   970   5.0      S4
17   985   5.0      S1
18  1365   5.0      S2
19  1665   5.0      S3
20   945   5.0      S4
21  1000   5.0      S1
22  1410   5.0      S2
23  1665   5.0      S3
24   980   5.0      S4
25   640   7.5      S1
26   900   7.5      S2
27  1125   7.5      S3
28   615   7.5      S4
29   606   7.5      S1
30   905   7.5      S2
31  1110   7.5      S3
32   600   7.5      S4
33   615   7.5      S1
34   915   7.5      S2
35  1130   7.5      S3
36   635   7.5      S4
37   440  10.0      S1
38   685  10.0      S2
39   820  10.0      S3
40   435  10.0      S4
41   448  10.0      S1
42   690  10.0      S2
43   835  10.0      S3
44   430  10.0      S4
45   443  10.0      S1
46   675  10.0      S2
47   845  10.0      S3
48   445  10.0      S4
49   358  12.5      S1
50   560  12.5      S2
51   665  12.5      S3
52   355  12.5      S4
53   355  12.5      S1
54   580  12.5      S2
55   680  12.5      S3
56   365  12.5      S4
57   354  12.5      S1
58   575  12.5      S2
59   685  12.5      S3
60   345  12.5      S4
61   297  15.0      S1
62   490  15.0      S2
63   585  15.0      S3
64   290  15.0      S4
65   296  15.0      S1
66   530  15.0      S2
67   595  15.0      S3
68   300  15.0      S4
69   299  15.0      S1
70   500  15.0      S2
71   600  15.0      S3
72   290  15.0      S4
73   240  20.0      S1
74   345  20.0      S2
75   465  20.0      S3
76   225  20.0      S4
77   240  20.0      S1
78   335  20.0      S2
79   460  20.0      S3
80   255  20.0      S4
81   240  20.0      S1
82   340  20.0      S2
83   465  20.0      S3
84   260  20.0      S4
85   190  25.0      S1
86   275  25.0      S2
87   390  25.0      S3
88   195  25.0      S4
89   190  25.0      S1
90   270  25.0      S2
91   375  25.0      S3
92   200  25.0      S4
93   190  25.0      S1
94   275  25.0      S2
95   375  25.0      S3
96   185  25.0      S4
